10,171
10,189
10,113
10,117
10,205
10,183
10,197
11,17
11,11
11,9
8,17
21,3
21,2
21,1
21,0
20,3
20,2
20,1
19,3
19,2
19,1
12,3
12,2
12,1
11,29
11,27
11,23
11,19
11,18
11,16
11,15
11,14
11,13
11,10
11,7
11,6
11,5
11,4
11,3
11,2
11,1
10,312
10,309
10,299
10,297
10,291
10,288
10,277
10,275
10,245
10,234
10,228
10,217
10,203
10,181
10,174
10,157
10,147
10,129
10,120
10,108
10,89
10,35
10,25
10,20
10,3
10,2
10,1
9,7
9,6
9,5
9,4
9,3
9,2
9,1
8,18
8,16
8,15
8,14
8,12
8,11
8,10
18,1
18,3
8,9
8,7
8,6
8,5
8,4
8,3
8,2
8,1
7,13
7,12
7,11
7,10
7,9
7,8
7,7
7,6
7,5
7,4
7,1
6,7
6,6
6,5
6,4
6,1
4,88
4,87
4,86
4,85
4,84
4,83
4,82
4,81
4,80
